FERMT1 ROS1 54 0 82 0 4 0 113 0 152 44.901 0
CRISP2 C1orf168 341 1 40 0 4 1 12 0 6 39.292 1.14268993663003e-09
ROBO3 TAF1L 192 23 42 0 3 1 111 0 33 36.898 3.04717316434674e-09
KNSTRN SLITRK1 229 19 0 0 3 0 153 0 1 36.821 3.04717316434674e-09
MOV10L1 USP25 155 0 3 0 3 0 231 0 13 35.409 8.37972620195353e-09
CHRM2 SLC6A15 267 0 114 6 5 4 7 0 2 35.251 1.18077960118436e-08
TMTC2 CFAP70 329 0 47 4 4 0 14 0 7 34.974 1.29504859484736e-08
SORCS1 MYH4 102 1 234 18 2 9 12 5 22 34.118 1.63785557583637e-08
KLB NR4A1 104 1 4 0 3 0 279 0 14 33.528 2.09493155048838e-08
KLB CFAP70 91 1 17 0 3 0 256 0 37 33.528 2.09493155048838e-08
ALDH1L1 SCNN1D 147 0 42 0 3 1 143 0 69 33.473 2.24729020870572e-08
PCDH10 PPARGC1A 160 0 212 9 6 14 1 0 3 33.008 2.74245584791206e-08
MAGEB2 WASF3 222 1 10 1 4 0 161 1 5 32.401 3.92323544909643e-08
ACSM1 COL2A1 264 1 100 4 0 0 20 7 9 31.951 5.25637370849812e-08
KIAA0226L DCAKD 195 0 8 0 2 2 188 0 10 31.898 5.52300136037846e-08
HERC2 RBMXL2 191 0 73 12 5 10 88 0 26 31.545 6.39906364512815e-08
LRRC7 ZNF804B 160 3 180 19 9 13 6 1 14 31.462 6.70378096156282e-08
DOCK2 PCDH10 333 17 4 19 12 0 20 0 0 31.434 6.70378096156282e-08
HACL1 DGCR8 347 1 26 0 3 0 26 1 1 31.408 6.70378096156282e-08
CTNND2 CCDC63 352 0 24 14 5 1 9 0 0 31.394 7.1227672716605e-08
CTSG SLITRK1 347 15 1 1 6 0 34 1 0 31.168 7.96073989185585e-08
ARHGAP4 CCER1 332 7 18 2 5 1 36 0 4 30.735 9.97949211323557e-08
PDHA2 SLC26A3 328 2 48 5 5 1 12 0 4 30.631 1.03222990942246e-07
DCTN1 PPP6R3 352 2 16 0 3 1 26 0 5 30.358 1.17697063472893e-07
TAF1L ADAMTS2 89 4 210 11 7 8 18 2 56 30.275 1.22267823219413e-07
MAGEB2 NLRP2 76 0 157 0 3 2 46 0 121 30.13 1.2874306619365e-07
DCAF8L1 PRDM5 360 0 25 9 4 0 6 0 1 30.074 1.33694722585713e-07
ROCK1 THBS2 350 12 15 3 6 0 17 0 2 29.738 1.56929417963857e-07
DYNC2H1 SRCAP 123 0 26 3 4 0 198 11 40 29.732 1.56929417963857e-07
PTPRU ANKHD1 235 5 12 1 3 2 141 0 6 29.638 1.66451834102441e-07
ACSM5 FLG2 65 9 79 5 4 0 106 3 134 29.618 1.66451834102441e-07
R3HDM1 DGKB 224 5 6 1 5 0 149 8 7 29.612 1.66451834102441e-07
RPGR CRISP2 285 2 11 3 3 3 94 0 4 29.452 1.87020252961781e-07
KRT31 UBR5 315 8 7 1 5 0 63 3 3 29.407 1.87020252961781e-07
ATP12A RASGRP3 304 0 31 0 2 2 62 0 4 29.34 1.96923565745908e-07
RELN KIRREL 232 0 7 22 6 1 130 1 6 29.334 1.96923565745908e-07
SPATA31D1 ZNF536 234 29 43 4 11 2 62 9 11 29.308 1.96923565745908e-07
VPS13A PCDHGA10 114 3 206 6 3 0 25 0 48 29.26 2.03398808720145e-07
CSRNP3 CLEC17A 310 2 52 0 3 0 34 0 4 29.077 2.24729020870572e-07
TAOK2 GNB3 310 0 26 2 3 0 58 0 6 29.012 2.24729020870572e-07
LRRTM4 CUL4A 245 0 137 20 2 0 1 0 0 28.98 2.39583990046762e-07
SSFA2 ACTR3B 283 0 15 2 3 0 99 0 3 28.863 2.58247925678386e-07
CLEC9A ACTR3B 365 0 17 2 3 0 17 0 1 28.863 2.58247925678386e-07
MYLK3 ATP2B3 124 9 2 0 2 0 261 1 6 28.787 2.7234110156349e-07
ITGBL1 SPATA31A7 338 0 25 4 1 0 31 5 1 28.688 2.88719657321853e-07
RFX6 NLRP10 353 5 23 4 5 0 14 0 1 28.648 2.88719657321853e-07
PCDHB5 ZNF804B 138 8 153 1 5 5 46 0 49 28.628 2.88719657321853e-07
RFX6 GRIK4 353 5 23 4 5 0 15 0 0 28.626 2.88719657321853e-07
MNDA PCDHGA8 172 2 186 2 4 1 18 0 20 28.557 3.0090834997924e-07
PCDHA12 AMTN 233 0 125 0 2 6 23 0 16 28.496 3.15001525864344e-07
LCLAT1 TCEAL5 294 3 24 0 3 0 76 0 5 28.447 3.15001525864344e-07
ITPR2 UMOD 314 2 11 9 5 1 55 4 4 28.441 3.15001525864344e-07
CRISP2 ZNF521 351 21 10 0 5 0 16 2 0 28.413 3.15001525864344e-07
KCNH8 SORCS1 264 16 35 9 9 0 64 4 4 28.408 3.15001525864344e-07
PSD2 SUGP1 300 1 80 1 3 4 13 0 3 28.27 3.52329397127592e-07
SACS AGMO 162 12 11 1 1 2 197 0 19 28.118 3.67184366303782e-07
SPATA17 POLR3A 337 2 17 0 3 0 44 1 1 28.105 3.67184366303782e-07
ADAM23 CRISP2 364 1 18 5 4 0 13 0 0 28.087 3.85848301935406e-07
TCF20 XYLT1 213 5 12 0 3 3 142 6 21 27.934 4.00322374466053e-07
ASAP2 SUPT16H 176 0 14 1 3 0 198 1 12 27.838 4.2508065642637e-07
KLHDC4 APPBP2 150 0 6 0 2 1 236 0 10 27.803 4.2508065642637e-07
BACH2 MTUS2 176 1 195 4 4 2 13 1 9 27.763 4.45649075285711e-07
CSRNP3 CEP170B 327 3 34 0 3 0 32 0 6 27.69 4.70788253891571e-07
ESPN HACL1 357 0 28 0 2 0 17 1 0 27.685 4.70788253891571e-07
POP1 TEX13A 291 1 8 4 4 0 90 3 4 27.621 4.70788253891571e-07
GABRA6 RBM15 287 1 48 4 3 6 46 0 10 27.553 4.96689225788518e-07
TRANK1 CLEC16A 285 1 24 5 4 1 80 0 5 27.517 4.96689225788518e-07
PCDHB13 RPS6KC1 162 0 13 3 3 0 210 0 14 27.51 4.96689225788518e-07
TRRAP TRPM8 298 2 77 12 5 1 7 1 2 27.51 4.96689225788518e-07
HIPK1 FAM63B 341 0 25 3 3 0 32 0 1 27.494 5.19543024521119e-07
ANKRD17 DOCK2 340 24 20 3 7 0 11 0 0 27.46 5.19543024521119e-07
UBR1 ACAD9 304 0 15 3 3 1 72 0 7 27.453 5.19543024521119e-07
SLC9A9 KCNB2 363 12 3 1 5 0 20 1 0 27.428 5.19543024521119e-07
LRRK1 KIAA1549L 209 7 20 2 5 0 144 3 15 27.395 5.48872066227956e-07
SARDH ADAMTS12 67 14 92 2 3 0 75 3 149 27.391 5.48872066227956e-07
LRIT2 ZNF804B 66 5 61 1 4 0 118 4 146 27.372 5.48872066227956e-07
LRRCC1 SH3RF3 266 0 13 3 3 0 115 0 5 27.368 5.48872066227956e-07
SLC38A8 PXDN 346 6 24 1 4 0 23 0 1 27.346 5.48872066227956e-07
FEZ1 RALGAPB 285 0 15 0 1 0 95 7 2 27.335 5.48872066227956e-07
EYS SPATA31A5 134 3 40 0 2 6 127 0 93 27.327 5.48872066227956e-07
PGR PLEKHG3 228 0 64 3 3 0 75 2 30 27.298 5.87342627427834e-07
ARHGAP22 KMT2B 111 0 247 1 2 0 8 2 34 27.229 5.87342627427834e-07
TMTC2 KLB 102 0 274 3 3 2 4 0 17 27.225 5.87342627427834e-07
SERPINB2 FGB 154 0 84 2 3 0 116 2 44 27.147 6.20861532235648e-07
HEPH AFF2 343 9 4 11 7 1 27 3 0 27.125 6.20861532235648e-07
WASF3 NLRP2 117 0 267 1 3 2 4 0 11 27.104 6.20861532235648e-07
PSKH2 FAM171B 108 4 75 3 3 0 116 0 96 27.086 6.62760163245416e-07
GPC4 SEMA5A 217 6 13 0 3 1 157 1 7 27.076 6.62760163245416e-07
LAMB4 OTC 181 0 92 7 3 0 76 1 45 27.001 6.62760163245416e-07
RPL3L CCNB3 321 3 5 1 2 1 60 7 5 26.989 6.9856444792649e-07
TRIM58 BNC1 162 7 3 2 0 4 221 3 3 26.989 6.9856444792649e-07
KCNA4 MAP3K19 269 3 113 8 5 1 5 0 1 26.982 6.9856444792649e-07
NLRP4 SCN2A 101 9 17 2 3 0 232 2 39 26.973 6.9856444792649e-07
DHRS2 KLHL1 339 12 9 1 0 1 31 11 1 26.955 6.9856444792649e-07
UBR5 GDA 356 0 23 11 4 1 7 0 3 26.954 6.9856444792649e-07
SPAG17 TRPC4 81 5 6 1 4 0 281 5 22 26.899 7.31702456088761e-07
SLC4A1 FAHD2B 277 0 42 4 3 0 73 0 6 26.871 7.31702456088761e-07
COL19A1 RIMS2 256 15 22 15 11 1 73 4 8 26.838 7.31702456088761e-07
TCF20 GRM7 104 6 120 3 3 0 83 0 86 26.834 7.31702456088761e-07
RAB40A HEPH 233 17 17 0 2 0 123 0 13 26.822 7.31702456088761e-07
