3.80896645543342e-10 42.4
7.61793291086685e-10 42.1
1.14268993663003e-09 41.7
1.52358658217337e-09 39.2
1.90448322771671e-09 38.1
2.28537987326005e-09 37.7
2.6662765188034e-09 37.2
3.04717316434674e-09 36.9
3.42806980989008e-09 36.7
3.80896645543342e-09 36.5
4.57075974652011e-09 36.1
5.33255303760679e-09 35.8
6.85613961978016e-09 35.7
7.99882955641019e-09 35.6
8.37972620195353e-09 35.5
1.18077960118436e-08 35.4
1.2188692657387e-08 35.2
1.25695893029303e-08 35.1
1.29504859484736e-08 35
1.37122792395603e-08 34.8
1.48549691761904e-08 34.7
1.5616762467277e-08 34.6
1.59976591128204e-08 34.4
1.63785557583637e-08 34.2
1.71403490494504e-08 34.1
1.82830389860804e-08 34
1.90448322771671e-08 33.9
2.01875222137971e-08 33.7
2.09493155048838e-08 33.6
2.24729020870572e-08 33.5
2.28537987326005e-08 33.4
2.51391786058606e-08 33.3
2.6662765188034e-08 33.2
2.74245584791206e-08 33.1
2.8948145061294e-08 33
3.12335249345541e-08 32.9
3.19953182256408e-08 32.8
3.46615947444442e-08 32.7
3.58042846810742e-08 32.6
3.92323544909643e-08 32.5
4.18986310097677e-08 32.4
4.2279527655311e-08 32.3
4.45649075285711e-08 32.2
4.87547706295478e-08 32.1
5.25637370849812e-08 32
5.52300136037846e-08 31.9
5.7896290122588e-08 31.8
6.05625666413914e-08 31.7
6.39906364512815e-08 31.6
6.70378096156282e-08 31.5
7.1227672716605e-08 31.4
7.42748458809518e-08 31.3
7.96073989185585e-08 31.2
8.4559055310622e-08 31.1
8.95107117026855e-08 31
9.52241613858356e-08 30.9
9.97949211323557e-08 30.8
1.03222990942246e-07 30.7
1.08936440625396e-07 30.6
1.13507200371916e-07 30.5
1.17697063472893e-07 30.4
1.22267823219413e-07 30.3
1.2874306619365e-07 30.2
1.33694722585713e-07 30.1
1.39408172268863e-07 30
1.48930588407447e-07 29.9
1.56929417963857e-07 29.8
1.66451834102441e-07 29.7
1.78259630114284e-07 29.6
1.87020252961781e-07 29.5
1.96923565745908e-07 29.4
2.03398808720145e-07 29.3
2.13302121504272e-07 29.2
2.24729020870572e-07 29.1
2.39583990046762e-07 29
2.58247925678386e-07 28.9
2.7234110156349e-07 28.8
2.88719657321853e-07 28.7
3.0090834997924e-07 28.6
3.15001525864344e-07 28.5
3.35189048078141e-07 28.4
3.52329397127592e-07 28.3
3.67184366303782e-07 28.2
3.85848301935406e-07 28.1
4.00322374466053e-07 28
4.2508065642637e-07 27.9
4.45649075285711e-07 27.8
4.70788253891571e-07 27.7
4.96689225788518e-07 27.6
5.19543024521119e-07 27.5
5.48872066227956e-07 27.4
5.87342627427834e-07 27.3
6.20861532235648e-07 27.2
6.62760163245416e-07 27.1
6.9856444792649e-07 27
7.31702456088761e-07 26.9
7.72458397161898e-07 26.8
8.09405371779602e-07 26.7
8.56255659181434e-07 26.6
8.95488013672398e-07 26.5
9.44623680947489e-07 26.4
9.9490203815921e-07 26.3
1.04898936182636e-06 26.2
1.10802834188558e-06 26.1
1.164401045426e-06 26
1.22762988858619e-06 25.9
1.30533280427703e-06 25.8
1.37770316693027e-06 25.7
1.46378580882306e-06 25.6
1.53120451508424e-06 25.5
1.61462088045823e-06 25.4
1.72127194121036e-06 25.3
2.5230593800791e-06 25.2
2.63009133747678e-06 25.1
2.72721998209033e-06 25
2.8403462858167e-06 24.9
2.98203983795883e-06 24.8
3.09211896852085e-06 24.7
3.23609790053624e-06 24.6
3.39455090508227e-06 24.5
3.53586356057885e-06 24.4
3.6901267020239e-06 24.3
3.86914812542927e-06 24.2
4.06150093142866e-06 24.1
4.26375705021217e-06 24
4.47553558513427e-06 23.9
4.69036129322072e-06 23.8
4.9318497664952e-06 23.7
5.16991016995979e-06 23.6
5.43577602854904e-06 23.5
5.71687775296003e-06 23.4
6.04749604129165e-06 23.3
6.38420867595196e-06 23.2
6.70720903137272e-06 23.1
7.05382497881716e-06 23
7.44652942037234e-06 22.9
7.869705593571e-06 22.8
8.33173322461507e-06 22.7
8.82461348394816e-06 22.6
9.28626021834669e-06 22.5
9.81989641875291e-06 22.4
1.03622932420066e-05 22.3
1.09797267044324e-05 22.2
1.15735445748345e-05 22.1
1.22618248133313e-05 22
1.29527713283469e-05 21.9
1.36951388905109e-05 21.8
1.45902460075377e-05 21.7
1.5634283712972e-05 21.6
1.67354559152378e-05 21.5
1.75113423822096e-05 21.4
1.83496958990505e-05 21.3
1.92486119825328e-05 21.2
2.01886649037338e-05 21.1
2.12490811649264e-05 21
2.2304545769727e-05 20.9
2.34045752820562e-05 20.8
2.45746897771654e-05 20.7
2.57489941353755e-05 20.6
2.70649920457277e-05 20.5
2.84685961845549e-05 20.4
2.99929445600194e-05 20.3
3.16852683561685e-05 20.2
3.35215710843329e-05 20.1
3.55551782748888e-05 20
3.77540946096105e-05 19.9
3.97656097947249e-05 19.8
4.20079483470386e-05 19.7
4.41523964614476e-05 19.6
4.63772137680663e-05 19.5
4.86980170293619e-05 19.4
5.12066023369103e-05 19.3
5.3880115891979e-05 19.2
5.68175908224093e-05 19.1
5.98152474228354e-05 19
6.31290482390625e-05 18.9
6.65506428059783e-05 18.8
7.01687800419945e-05 18.7
7.39415613161013e-05 18.6
7.82392181677669e-05 18.5
8.21978770048988e-05 18.4
8.63107989834758e-05 18.3
9.0943263986574e-05 18.2
9.5579157059482e-05 18.1
0.000100885047331901 18
0.000106517746926196 17.9
0.000112004182208602 17.8
0.000117942741809268 17.7
0.000124539871710079 17.6
0.000130912653486665 17.5
0.000137963812188963 17.4
0.000145862846824241 17.3
0.00015386091458736 17.2
0.000162658484409474 17.1
0.000171519283074749 17
0.000181360509705653 16.9
0.000191429131633945 16.8
0.000201403672090789 16.7
0.00021238606507174 16.6
0.000224312319940348 16.5
0.000235792925733669 16.4
0.000249350180038494 16.3
0.000263348893555503 16.2
0.00027718877317132 16.1
0.000292050979383776 16
0.000308561706278143 15.9
0.000324891888162523 15.8
0.000343081607470445 15.7
0.000361705548954287 15.6
0.000381476370237859 15.5
0.000402181150096304 15.4
0.000424700521574118 15.3
0.00044795159550802 15.2
0.000473504808767586 15.1
0.000500419346638324 15
0.00052884604419187 14.9
0.000559175320489904 14.8
0.000590244678970229 14.7
0.000623686642655643 14.6
0.000660466022749308 14.5
0.000699112177302781 14.4
0.000739008434646927 14.3
0.000780572257505263 14.2
0.000827148680218948 14.1
0.00112755310393613 14
0.00117907508869555 13.9
0.00123544474506281 13.8
0.0012929982282044 13.7
0.00135936375524065 13.6
0.00142915468581026 13.5
0.00150166293304919 13.4
0.00157760724892755 13.3
0.001664724025213 13.2
0.00175083485345756 13.1
0.0018448028177064 13
0.00194808294314548 12.9
0.00205501624831196 12.8
0.00217538225458017 12.7
0.00229945514700282 12.6
0.00242914969301703 12.5
0.00257052824363329 12.4
0.00271808531873691 12.3
0.00287342563589556 12.2
0.00304011857757463 12.1
0.00322048608972535 12
0.00340739016921024 11.9
0.00360441886243032 11.8
0.00381158321538831 11.7
0.00404738452084818 11.6
0.00430062441743096 11.5
0.00459914073647619 11.4
0.00485502748384885 11.3
0.00507053194975765 11.2
0.00530585370634079 11.1
0.00555885249534694 11
0.00581943646015244 10.9
0.00611074659556064 10.8
0.00642184012184171 10.7
0.00675040233008068 10.6
0.00713104644114803 10.5
0.00753991651723672 10.4
0.00792062347625058 10.3
0.00835773208694992 10.2
0.00875020684782785 10.1
0.00917913379858091 10
0.009646775084387 9.9
0.0101399299702015 9.8
0.0106374994481379 9.7
0.0111887201230823 9.6
0.0117953841137519 9.5
0.0123545118221611 9.4
0.0129415463042027 9.3
0.0135666974944605 9.2
0.0142410254888311 9.1
0.0149614998736025 9
0.0156640801148629 8.9
0.0164150772714284 8.8
0.0172050500581456 8.7
0.0180333128610528 8.6
0.0188543195828623 8.5
0.0197311836550509 8.4
0.0206935197918095 8.3
0.0216474084027631 8.2
0.0226659968797221 8.1
0.0237775062360513 8
0.0249020891079455 7.9
0.0261202102926723 7.8
0.0273679907564977 7.7
0.0286666346347824 7.6
0.0300341762410028 7.5
0.0314685286424382 7.4
0.0329763910492902 7.3
0.0345811554672517 7.2
0.0363236406853423 7.1
0.0381867840574283 7
0.0400612434879567 6.9
0.0420532350537105 6.8
0.0441472410253502 6.7
0.0463601358860667 6.6
0.0487291286673698 6.5
0.0512424557572587 6.4
0.0538896722079191 6.3
0.0566374655605251 6.2
0.0596082167646 6.1
0.0627322426833247 6
0.0659800622972309 5.9
0.0693505420579014 5.8
0.0728296779192662 5.7
0.0764761367253618 5.6
0.0804255416784903 5.5
0.0843492532483936 5.4
0.088529524990939 5.3
0.0929601780007423 5.2
0.097482799648302 5.1
0.102367403375781 5
0.107458234450469 4.9
0.11274930974786 4.8
0.118364385635262 4.7
0.124196606510425 4.6
0.130164487915762 4.5
0.136637234112487 4.4
0.14327423208429 4.3
0.150487850442949 4.2
0.157831529770195 4.1
0.165748928956341 4
0.173842373620401 3.9
0.182216708230337 3.8
0.191314388043062 3.7
0.200985703155631 3.6
0.21133575209407 3.5
0.222175792571683 3.4
0.233391970391252 3.3
0.245195141175129 3.2
0.257792916448933 3.1
0.271054449835193 3
0.284549342979416 2.9
0.298415256880956 2.8
0.313060207645623 2.7
0.328772656301917 2.6
0.345012682235677 2.5
0.362223836543464 2.4
0.380227634866144 2.3
0.398405947843118 2.2
0.418199620640044 2.1
0.439046428858782 2
0.459588014311238 1.9
0.483107812352157 1.8
0.506907907663773 1.7
0.532117636327217 1.6
0.556900133791775 1.5
0.58277885370669 1.4
0.60901745200935 1.3
0.635997513244641 1.2
0.663584824289643 1.1
0.693574107290208 1
0.724516634424604 0.9
0.75783696143254 0.8
0.789156840207399 0.7
0.818864880170898 0.6
0.847404358174015 0.5
0.878325133443674 0.4
0.907495695864096 0.3
0.938395089881454 0.2
0.968231802826164 0.1
1 0
