CEP290 USP7 291 2 1 9 11 0 99 9 0 59.422 7.8115292012626e-13
ZNF491 SULF1 366 12 9 0 9 0 21 1 4 57.341 2.17326157070374e-12
ADCY4 SKIDA1 362 6 14 4 10 0 24 1 1 55.832 4.56246151969708e-12
SULF1 ZNF546 329 4 54 8 11 3 7 1 5 55.088 6.57562893024988e-12
GTF3C3 CPD 319 3 12 2 8 2 66 3 7 54.801 7.57127693873372e-12
TRIP12 ZNF521 359 9 14 14 14 1 9 2 0 54.238 9.98290339282448e-12
ZNF431 ZNF546 247 7 40 3 9 2 94 0 20 53.505 1.43078882075542e-11
CCDC73 HTR2B 359 1 18 7 8 2 27 0 0 53.097 1.74810166342354e-11
DYM APPBP2 354 1 43 4 7 0 10 0 3 51.853 3.21911386436113e-11
CFAP47 ARMC2 218 0 21 18 8 0 131 0 26 51.641 3.57203155942898e-11
CCDC73 USP7 368 9 1 6 11 0 25 2 0 51.442 3.93839405532503e-11
DCST2 KLHL6 351 6 11 6 10 0 37 1 0 51.124 4.60336213592427e-11
RASA1 CDKL5 345 3 35 9 9 0 17 0 4 50.892 5.15825160363192e-11
ITPR2 TENM2 255 22 46 3 14 4 62 5 11 50.811 5.36732880362933e-11
TECRL RFC1 345 7 20 7 10 0 30 0 3 50.809 5.3726023629963e-11
ABCA8 KAT6A 209 4 61 14 12 1 92 3 26 50.664 5.76864112034059e-11
LRFN2 MYH7 269 17 18 8 15 1 87 4 3 50.547 6.10936856659805e-11
CSPP1 SRGAP1 292 12 34 3 9 0 68 0 4 50.377 6.64059918165094e-11
MYH10 DZIP3 364 3 13 8 9 2 21 1 1 50.311 6.85906886843668e-11
MSH6 TXLNG 319 0 19 7 7 0 63 1 6 50.285 6.94708734982896e-11
FRYL TCTN1 311 1 30 27 10 0 37 0 6 50.228 7.14402981216722e-11
CCDC73 RFC1 352 6 20 6 10 1 24 1 2 50.01 7.95009613696607e-11
RABGAP1L MYCBP2 284 32 51 3 14 0 31 3 4 49.954 8.17144130138558e-11
ADAM9 HDAC9 367 16 6 1 9 0 23 0 0 49.88 8.47339975962313e-11
SAMD9 RBM44 229 2 14 15 9 0 133 0 20 49.617 9.63968904699186e-11
SMC1A MYCBP2 311 32 54 6 16 1 1 1 0 49.537 1.00253139123652e-10
LYST KCNMA1 293 6 2 14 13 0 88 4 2 49.508 1.01688768516794e-10
LEMD3 TRHDE 374 24 1 3 7 4 8 1 0 49.494 1.02389097200728e-10
NOTCH2 TENM2 284 24 47 2 13 3 34 4 11 49.481 1.03043795718349e-10
RFX6 RFC1 360 8 18 1 8 1 21 1 4 49.284 1.13492437670004e-10
TRRAP KAT6A 273 3 77 31 15 8 11 1 3 49.257 1.15004561429544e-10
SYCP1 CSPP1 283 3 63 3 8 1 52 1 8 49.244 1.15739862138753e-10
DDX4 KCNJ16 282 3 23 0 6 1 100 1 6 49.043 1.27724941734186e-10
PTPRM NCOA6 323 10 38 17 14 1 15 0 4 49 1.30445765300635e-10
INTU KLHL1 362 11 12 0 7 0 29 0 1 48.887 1.37874933692217e-10
CDK12 RBAK 351 5 18 11 10 0 22 0 5 48.721 1.49562140450143e-10
DDX4 CCDC73 278 8 22 0 7 0 100 2 5 48.425 1.72912129059455e-10
N4BP2L2 ZNF491 220 2 15 5 7 0 162 0 11 48.338 1.80443882058512e-10
FAM200A TRIP12 369 19 11 2 10 0 11 0 0 47.795 2.35448660568238e-10
ZNF491 PRKD1 343 20 24 0 8 1 25 0 1 47.755 2.40108377624892e-10
ST18 ALOX5 356 6 18 7 9 3 21 0 2 47.724 2.43783104814099e-10
DDX4 ZNF491 289 3 16 1 6 0 97 0 10 47.696 2.47150300225485e-10
CSPP1 ZNF521 312 16 10 3 9 0 67 0 5 47.686 2.4836421808061e-10
PITPNM1 NEK10 174 1 208 6 8 5 9 0 11 47.659 2.51671350426363e-10
SYCP2 C1orf168 269 2 39 11 9 3 75 0 14 47.657 2.51918041982435e-10
RFC1 SERPINA12 358 2 22 9 8 0 16 0 7 47.432 2.81274670221876e-10
CSPP1 BRPF3 275 5 58 0 5 7 63 2 7 47.394 2.86559664885999e-10
CHD2 UBR3 320 16 23 8 13 0 36 3 3 47.354 2.9223001796197e-10
GTF2E1 GTF2I 358 1 12 5 6 0 34 4 2 47.301 2.99916425028357e-10
DEPDC4 ZNF10 307 0 36 1 5 0 60 1 12 47.225 3.11292103205574e-10
ZNF431 RFC1 276 7 11 5 9 0 101 1 12 47.223 3.11597192492741e-10
GEM KDR 154 2 146 0 6 1 48 1 64 47.169 3.19949178262391e-10
ITPR1 CDH8 339 11 6 23 15 0 21 5 2 47.118 3.28042371045001e-10
RFX6 TM6SF1 269 0 117 3 5 2 20 3 3 47.092 3.32246785639256e-10
DDX4 SNX13 287 16 5 0 7 0 102 1 4 47.091 3.32409544334666e-10
CHD3 UBR1 272 4 65 10 10 1 42 2 16 47.016 3.44847594924147e-10
NALCN UBR5 333 11 4 28 16 2 28 0 0 46.999 3.47730955141401e-10
MYCBP2 SETDB1 300 4 14 29 13 7 49 1 5 46.994 3.48583606424313e-10
CHRM2 CEP290 283 8 98 9 12 7 2 0 3 46.983 3.5046665569638e-10
TULP4 TRIP12 317 10 5 13 13 2 52 6 4 46.94 3.57926022154231e-10
NDST3 MYT1 356 14 27 6 11 0 7 1 0 46.878 3.68961305952098e-10
ARHGEF3 ZNF10 176 0 17 1 5 3 191 1 28 46.664 4.09729139505544e-10
CCDC73 FLT1 351 9 18 7 10 0 23 3 1 46.561 4.30925850558594e-10
KMT2E ARHGEF6 329 3 12 6 8 0 58 4 2 46.52 4.39665082119234e-10
SYCP1 ARMC2 306 0 43 6 6 0 55 2 4 46.514 4.40958713987527e-10
VPS13D MTNR1B 169 0 34 15 8 0 162 3 31 46.466 4.51446102722741e-10
PCDHA2 PCDHA8 73 2 20 4 5 1 7 0 310 46.371 4.72942685014743e-10
NCOA6 NLRC4 335 3 17 13 10 1 39 2 2 46.311 4.870432945836e-10
ZNF491 FILIP1 319 20 48 0 8 1 22 0 4 46.31 4.87281881511592e-10
PAPSS2 PRICKLE1 367 8 13 1 7 0 23 3 0 46.29 4.92077156799553e-10
CHD8 TAF1 334 11 17 17 12 6 25 0 0 46.041 5.55877899266477e-10
ZNF418 ARMC2 342 1 42 6 7 1 19 0 4 46.041 5.55877899266477e-10
RBBP8 STRBP 372 2 13 5 7 0 23 0 0 46.037 5.56967472142844e-10
SEMG1 CYP2E1 217 0 19 3 6 1 147 1 28 46.035 5.57513146759447e-10
LYST PRICKLE1 292 4 5 14 11 2 85 3 6 46 5.67148550345564e-10
MMAA SDAD1 117 0 251 0 5 3 9 0 37 45.879 6.01759753138253e-10
UGT1A9 INTS7 383 5 12 2 7 0 12 1 0 45.853 6.09468031598226e-10
SEC63 RBM44 333 2 32 7 8 1 37 1 1 45.796 6.26713902995846e-10
VPS13D MYCBP2 161 23 19 6 15 2 151 11 34 45.757 6.3879368461528e-10
LMNB1 IARS2 343 8 41 1 7 0 22 0 0 45.649 6.73473499190891e-10
TRRAP CACNA1F 278 15 60 31 20 3 10 1 4 45.62 6.8310179734965e-10
PCDHA2 PCDHA4 82 7 6 6 3 1 3 0 314 45.577 6.97632063229037e-10
KEL RC3H1 318 8 27 2 8 2 51 1 5 45.559 7.03805902446675e-10
ZNF491 TSC22D1 305 6 76 2 7 0 21 0 5 45.521 7.17019110751949e-10
EPHB6 REPS1 261 2 100 6 8 2 28 1 14 45.516 7.18776038688418e-10
ZNF709 ZNF431 283 6 109 6 8 0 5 0 5 45.497 7.25491777764375e-10
DOCK2 GTF2I 341 0 13 30 8 0 26 3 1 45.489 7.28338167554909e-10
NDC80 BAZ1B 191 0 2 2 6 0 202 9 10 45.446 7.43829664529017e-10
HTR2B ZNF677 354 5 34 2 7 0 13 1 6 45.434 7.48211381740305e-10
DDX4 PCF11 249 5 54 1 6 0 84 11 12 45.425 7.51514517283169e-10
GRIK4 MSH6 297 3 67 23 9 0 18 2 3 45.405 7.58907159337241e-10
CCDC73 IL16 205 2 171 4 8 5 18 1 8 45.358 7.76567143923046e-10
UGT1A9 ZNF483 385 10 5 1 7 1 13 0 0 45.297 8.00101096487538e-10
CHD6 LRRIQ4 217 0 80 15 8 6 76 0 20 45.234 8.25154944372741e-10
RGPD8 UBR5 340 21 3 2 6 3 47 0 0 45.198 8.39821656661854e-10
CLNK CYLC2 311 1 49 2 6 2 43 1 7 45.18 8.47252379365671e-10
CCDC73 CFAP47 218 14 146 3 11 3 18 1 8 45.163 8.54330717281471e-10
FRYL REPS1 246 1 95 19 10 8 30 0 13 45.127 8.69515570656176e-10
MSH6 ENC1 324 12 2 5 9 0 70 0 0 45.074 8.92363072324542e-10
ZNF230 ZNF567 266 0 11 0 4 0 134 6 1 44.985 9.32086963167933e-10
MBD5 DZIP3 366 4 16 11 9 0 16 0 0 44.927 9.58920276517006e-10
ZNF678 ZNF491 355 2 24 6 7 0 26 0 2 44.92 9.62210533472785e-10
PCNX1 TENM3 307 30 30 7 15 0 28 3 2 44.915 9.64567647976367e-10
MEIOC ARMC2 213 0 22 4 6 0 150 2 25 44.896 9.73577329865805e-10
ARID2 C1orf168 325 1 47 16 9 4 14 1 5 44.895 9.74053837587974e-10
