1.03649831648425e-10 45.5
2.07299663296849e-10 45.4
3.10949494945274e-10 44.6
4.14599326593698e-10 43.8
5.18249158242123e-10 43.4
6.21898989890547e-10 42.7
7.25548821538972e-10 41.4
1.03649831648425e-09 40.2
1.24379797978109e-09 40.1
1.34744781142952e-09 40
1.45109764307794e-09 39.9
1.55474747472637e-09 39.6
1.86569696967164e-09 39.3
2.17664646461692e-09 39.2
2.28029629626534e-09 39.1
2.48759595956219e-09 39
2.59124579121061e-09 38.9
2.79854545450746e-09 38.7
2.90219528615589e-09 38.6
3.21314478110116e-09 38.5
3.52409427604643e-09 38.4
3.73139393934328e-09 38.3
4.04234343428856e-09 38.2
4.35329292923383e-09 38.1
4.6642424241791e-09 38
4.76789225582753e-09 37.9
5.4934410773665e-09 37.8
5.70074074066335e-09 37.7
5.9080404039602e-09 37.6
6.11534006725705e-09 37.5
6.63358922549917e-09 37.4
7.15183838374129e-09 37.3
7.56643771033499e-09 37.2
8.08468686857711e-09 37.1
8.81023569011608e-09 37
9.01753535341293e-09 36.9
1.00540336698972e-08 36.8
1.04686329964909e-08 36.7
1.08832323230846e-08 36.6
1.14014814813267e-08 36.5
1.22306801345141e-08 36.4
1.25416296294594e-08 36.3
1.34744781142952e-08 36.2
1.38890774408889e-08 36.1
1.42000269358342e-08 36
1.50292255890216e-08 35.9
1.55474747472637e-08 35.8
1.69985723903416e-08 35.7
1.74131717169353e-08 35.6
1.8553319865068e-08 35.5
1.91752188549585e-08 35.4
2.03153670030912e-08 35.3
2.16628148145207e-08 35.2
2.24920134677081e-08 35.1
2.37358114474892e-08 35
2.56015084171609e-08 34.9
2.78818047134262e-08 34.8
2.89183030299104e-08 34.7
3.01621010096915e-08 34.6
3.223509764266e-08 34.5
3.39971447806832e-08 34.4
3.64847407402454e-08 34.3
3.7832188551675e-08 34.2
3.99051851846434e-08 34.1
4.22891313125572e-08 34
4.52949764303615e-08 33.9
4.8093521884869e-08 33.8
5.0788417507728e-08 33.7
5.41052121204776e-08 33.6
5.65928080800398e-08 33.5
5.88731043763051e-08 33.4
6.11534006725705e-08 33.3
6.41592457903748e-08 33.2
6.70614410765307e-08 33.1
7.0792835015874e-08 33
7.35913804703814e-08 32.9
7.73227744097247e-08 32.8
8.14687676756617e-08 32.7
8.60293602681924e-08 32.6
8.94498047125904e-08 32.5
9.42176969684179e-08 32.4
9.94001885508391e-08 32.3
1.05100929291502e-07 32.2
1.09454222220736e-07 32.1
1.17020659931071e-07 32
1.23239649829977e-07 31.9
1.31117037035257e-07 31.8
1.37957925924053e-07 31.7
1.44798814812849e-07 31.6
1.513287542067e-07 31.5
1.5920614141198e-07 31.4
1.69260175081877e-07 31.3
1.776558114454e-07 31.2
1.87502545452e-07 31.1
1.96623730637061e-07 31
2.05330316495529e-07 30.9
2.14762451175536e-07 30.8
2.26785831646753e-07 30.7
2.39949360266103e-07 30.6
2.5197274073732e-07 30.5
2.64721670030076e-07 30.4
2.80683744103934e-07 30.3
2.94676471376471e-07 30.2
3.10223946123735e-07 30.1
3.25356821544405e-07 30
3.41837144776504e-07 29.9
3.61634262621353e-07 29.8
3.79876632991476e-07 29.7
4.01021198647755e-07 29.6
4.20818316492604e-07 29.5
4.43724929286905e-07 29.4
4.67253441071098e-07 29.3
4.95031595952876e-07 29.2
5.20011205380146e-07 29.1
5.47063811440385e-07 29
5.73805468005678e-07 28.9
6.0002887541273e-07 28.8
6.29154478105937e-07 28.7
6.58280080799144e-07 28.6
6.93210074064663e-07 28.5
7.26170720528862e-07 28.4
7.60893414131084e-07 28.3
7.99243851841001e-07 28.2
8.37076040392676e-07 28.1
8.81541818169851e-07 28
9.2497109763054e-07 27.9
9.76277764296511e-07 27.8
1.02862092927896e-06 27.7
1.0820005925779e-06 27.6
1.13766055217311e-06 27.5
1.1973628552026e-06 27.4
1.25613230974726e-06 27.3
1.31718206058818e-06 27.2
1.3848654006546e-06 27.1
1.45223779122608e-06 27
1.53495035688152e-06 26.9
1.62035781815982e-06 26.8
1.70617987876472e-06 26.7
1.79967202691159e-06 26.6
1.8947189225332e-06 26.5
1.99494830973723e-06 26.4
2.10709742758082e-06 26.3
2.22038669357255e-06 26.2
2.33813290232516e-06 26.1
2.45670830973096e-06 26
2.58440490232182e-06 25.9
2.7168693871685e-06 25.8
2.86208280130795e-06 25.7
3.00408307066629e-06 25.6
3.16266731308838e-06 25.5
3.44863719860638e-06 25.4
3.6284696565164e-06 25.3
3.8189780470862e-06 25.2
4.01860762284107e-06 25.1
4.22020654539725e-06 25
4.43144490229674e-06 24.9
4.66362052518921e-06 24.8
4.90305163629707e-06 24.7
5.14984188545197e-06 24.6
5.40938106389963e-06 24.5
5.68996115817191e-06 24.4
5.97790039049124e-06 24.3
6.30584845782685e-06 24.2
6.62519358913565e-06 24.1
6.96122634333984e-06 24
7.32918324569175e-06 23.9
7.71600441740367e-06 23.8
8.11101392581581e-06 23.7
8.53774028271238e-06 23.6
8.98467835678038e-06 23.5
9.44664565643741e-06 23.4
9.93981155542061e-06 23.3
1.04490431783093e-05 23.2
1.10098924173589e-05 23.1
1.15770642961391e-05 23
1.22012435823259e-05 22.9
1.28620112590846e-05 22.8
1.3543819851668e-05 22.7
1.42509190031735e-05 22.6
1.50119160671363e-05 22.5
1.5808879622681e-05 22.4
1.66583936428715e-05 22.3
1.756626251828e-05 22.2
1.84995256024425e-05 22.1
1.94868938987254e-05 22
2.05366593936606e-05 21.9
2.16587724710864e-05 21.8
2.28722010501945e-05 21.7
2.40560894272828e-05 21.6
2.52780172925861e-05 21.5
2.65957176023325e-05 21.4
2.79829669491151e-05 21.3
2.94505449154251e-05 21.2
3.10245712588381e-05 21.1
3.26246137099948e-05 21
3.4329757090443e-05 20.9
3.61324349624724e-05 20.8
3.80725525112677e-05 20.7
4.00712322149442e-05 20.6
4.21662026122222e-05 20.5
4.44350974270062e-05 20.4
4.6839358921923e-05 20.3
4.93671710161648e-05 20.2
5.19934504504726e-05 20.1
5.47840148679431e-05 20
5.77356511237953e-05 19.9
6.07305093594449e-05 19.8
6.38467415479548e-05 19.7
6.7135343406496e-05 19.6
7.06368420192431e-05 19.5
7.43100884030316e-05 19.4
7.81533205107235e-05 19.3
8.2215150113362e-05 19.2
8.66114577227299e-05 19.1
9.11628254802439e-05 19
9.5893092847183e-05 18.9
0.000101004376995262 18.8
0.000106436975621451 18.7
0.000111893206409255 18.6
0.000117702883122981 18.5
0.00012386299991751 18.4
0.000130256743432575 18.3
0.000137083639594099 18.2
0.000144215680859995 18.1
0.000151679919836325 18
0.000159562074933861 17.9
0.000168200355553272 17.8
0.000176899167674366 17.7
0.0001860035615867 17.6
0.000195581220630341 17.5
0.000205706979983739 17.4
0.000216414214892685 17.3
0.000227708522448087 17.2
0.000239748175942873 17.1
0.000252367128346742 17
0.000265329576292694 16.9
0.000278945432777358 16.8
0.000293297617666052 16.7
0.000308643286191096 16.6
0.000324661331174044 16.5
0.000341840150621622 16.4
0.000359431185449666 16.3
0.000377875880291166 16.2
0.000397213414782486 16.1
0.000417863156142475 16
0.00044015688748224 15.9
0.000462577071616616 15.8
0.000486223329609561 15.7
0.000511322861892048 15.6
0.000537631676760378 15.5
0.000566049454753258 15.4
0.000594677641904385 15.3
0.000625482786469623 15.2
0.000658180784260425 15.1
0.000692694519802044 15
0.000728117471666883 14.9
0.000765565222992974 14.8
0.000805176249955399 14.7
0.00084741531839927 14.6
0.000890693165455922 14.5
0.000936430519367759 14.4
0.000985356245750933 14.3
0.00103642327400613 14.2
0.0011265185062204 14.1
0.0011830538922937 14
0.00124246338454879 13.9
0.00130431072084425 13.8
0.0013705567486952 13.7
0.00144055148000738 13.6
0.00151384559276059 13.5
0.00159083979720399 13.4
0.00167152279550593 13.3
0.00175606540258895 13.2
0.00184629081899177 13.1
0.00194010542176491 13
0.00203990445486793 12.9
0.00214470262300119 12.8
0.00225479947417814 12.7
0.0023714378735301 12.6
0.00249387475541396 12.5
0.00262442897386336 12.4
0.00276020527813088 12.3
0.00290619565140836 12.2
0.00305701569224133 12.1
0.00321959801961959 12
0.00339155702901793 11.9
0.0035761846390895 11.8
0.00377420878260196 11.7
0.00398090333818165 11.6
0.00420512725693955 11.5
0.00442926431713852 11.4
0.00466127617329699 11.3
0.00490069484642505 11.2
0.00515627760714885 11.1
0.00542623618492297 11
0.00570938109427939 10.9
0.00601111332064567 10.8
0.00633147536045277 10.7
0.00667201014509461 10.6
0.00702972872437595 10.5
0.00739685414777837 10.4
0.00778537797527478 10.3
0.00818758150755215 10.2
0.00861198579727029 10.1
0.00906206663788371 10
0.00952905784488074 9.9
0.0100193004040121 9.8
0.0105460917594797 9.7
0.0111053471750681 9.6
0.0116721301596799 9.5
0.0122684878617055 9.4
0.0129012213684983 9.3
0.0135675913186576 9.2
0.0142849349085737 9.1
0.0150058271577761 9
0.0157599541035975 8.9
0.0165636706529738 8.8
0.0174256118733796 8.7
0.0182946569422971 8.6
0.0192125237768166 8.5
0.0201938650426888 8.4
0.0212017241851398 8.3
0.022256863301947 8.2
0.0233923840033457 8.1
0.0245423332795591 8
0.0257695043752461 7.9
0.0270740155548648 7.8
0.0284120261527725 7.7
0.0298509260763624 7.6
0.0313169244192381 7.5
0.0328848607131428 7.4
0.0345040059319222 7.3
0.0362206618028214 7.2
0.0380017265083056 7.1
0.0398663156685766 7
0.041831513263486 6.9
0.0438836681956063 6.8
0.0460345994479407 6.7
0.0482848143864152 6.6
0.0506573110429756 6.5
0.0531346479495009 6.4
0.055731022645331 6.3
0.0584198203412944 6.2
0.0612568012263738 6.1
0.0642154689831552 6
0.0673119321429246 5.9
0.0705515549990691 5.8
0.0739384881054474 5.7
0.0775023461883081 5.6
0.0812383947306412 5.5
0.0851455286179417 5.4
0.0892467515828961 5.3
0.0935288976092892 5.2
0.0980467328842178 5.1
0.102781709892207 5
0.107702065142349 4.9
0.112867682532178 4.8
0.118288963633249 4.7
0.124003366561872 4.6
0.129959550446936 4.5
0.136223860094582 4.4
0.142790719040216 4.3
0.149733597912257 4.2
0.15696009827558 4.1
0.164573688470978 4
0.172557609564472 3.9
0.180927366119779 3.8
0.189698908913142 3.7
0.198827802225233 3.6
0.208395531304053 3.5
0.218442209049048 3.4
0.228996895659868 3.3
0.239986875804419 3.2
0.251496457633865 3.1
0.263571676599035 3
0.276275967640694 2.9
0.289590144449456 2.8
0.30330523486834 2.7
0.317998773168047 2.6
0.333356914810181 2.5
0.349203889684687 2.4
0.365762267251708 2.3
0.383481586366888 2.2
0.401787409090949 2.1
0.420940980160319 2
0.441204139779707 1.9
0.461406237935824 1.8
0.483679770410996 1.7
0.506409192677947 1.6
0.530604555658467 1.5
0.556046935878889 1.4
0.581424726084821 1.3
0.609276110609156 1.2
0.637495563355763 1.1
0.667000421508521 1
0.698325891234479 0.9
0.72863134638763 0.8
0.76140649551602 0.7
0.796268144673796 0.6
0.83136945867305 0.5
0.868713564106186 0.4
0.900855672613332 0.3
0.935521992212269 0.2
0.974019948715881 0.1
1 0
